#Rank	Path	LengthInKmers	Flows
0	0	40879	3
0	1000000	74687	3
0	2000000	81349	3
0	3000000	71930	3
0	4000000	27222	3
0	5000000	61588	3
0	6000000	39799	3
0	7000000	133652	3
0	8000000	32884	3
0	10000000	59903	3
0	11000000	29810	3
0	12000000	15066	3
0	13000000	47007	3
0	14000000	27036	3
0	15000000	51794	3
0	16000000	70171	3
0	17000000	22327	3
0	18000000	90136	3
0	19000000	25169	3
0	20000000	44417	3
0	22000000	21962	3
0	23000000	36887	3
0	24000000	31777	3
0	25000000	53591	3
0	26000000	96354	3
0	27000000	101633	3
0	28000000	29185	3
0	29000000	38992	3
0	30000000	38169	3
0	31000000	14341	3
0	34000000	77655	3
0	36000000	62991	3
0	37000000	60327	3
0	40000000	20868	3
0	41000000	39116	3
0	42000000	25295	3
0	44000000	17695	3
0	45000000	26841	3
0	47000000	11361	3
0	48000000	68533	3
0	49000000	75485	3
0	50000000	38348	3
0	51000000	35335	3
0	53000000	29871	3
0	54000000	27145	3
0	56000000	11741	3
0	57000000	19748	3
0	60000000	58948	3
0	61000000	41371	3
0	62000000	74819	3
0	63000000	14256	3
0	64000000	68855	3
0	65000000	27815	3
0	67000000	33159	3
0	69000000	47014	3
0	70000000	56911	3
0	71000000	57104	3
0	72000000	15095	3
0	73000000	11527	3
0	74000000	63595	3
0	76000000	114729	3
0	78000000	23354	3
0	79000000	19530	3
0	80000000	39000	3
0	81000000	143117	3
0	82000000	9319	3
0	83000000	30244	3
0	85000000	31838	3
0	89000000	33223	3
0	92000000	18523	3
0	94000000	45333	3
0	95000000	81327	3
0	96000000	38172	3
0	97000000	11063	3
0	99000000	48314	3
0	100000000	8342	3
0	101000000	23347	3
0	103000000	53488	3
0	105000000	9381	2
0	106000000	19746	3
0	107000000	43120	3
0	108000000	9623	3
0	109000000	44646	3
0	110000000	17097	3
0	111000000	22957	3
0	112000000	42121	3
0	113000000	38336	3
0	117000000	9407	3
0	121000000	27304	3
0	123000000	19974	3
0	129000000	86495	3
0	130000000	7371	3
0	133000000	25515	3
0	137000000	56463	3
0	139000000	22256	3
0	141000000	17853	3
0	142000000	22064	3
0	144000000	67266	3
0	148000000	35872	3
0	153000000	14671	3
0	154000000	7212	3
0	157000000	155842	3
0	161000000	20722	3
0	162000000	64028	3
0	167000000	24928	3
0	174000000	8030	3
0	180000000	18619	3
0	181000000	9105	3
0	186000000	28455	3
0	187000000	21599	3
0	190000000	16618	3
0	193000000	53887	3
0	194000000	29695	3
0	197000000	19091	3
0	199000000	6249	3
0	201000000	47445	3
0	206000000	43688	3
0	209000000	80143	3
0	215000000	25570	3
0	219000000	7415	3
0	224000000	19794	3
0	228000000	29871	3
0	233000000	7134	3
0	234000000	18151	3
0	235000000	10903	3
0	236000000	10837	3
0	242000000	16420	3
0	246000000	11861	3
0	248000000	25164	3
0	252000000	6126	2
0	254000000	9679	3
0	256000000	23805	3
0	263000000	34219	3
0	267000000	9518	3
0	271000000	53828	3
0	277000000	46182	3
0	283000000	44478	3
0	288000000	82669	3
0	290000000	27264	3
0	296000000	10020	3
0	297000000	19547	3
0	298000000	46017	3
0	301000000	19984	3
0	308000000	17507	3
0	318000000	30746	3
0	325000000	29452	3
0	359000000	4288	3
0	361000000	5591	3
0	362000000	54463	3
0	372000000	5338	3
0	377000000	24561	3
0	379000000	5891	3
0	384000000	6737	3
0	385000000	8506	3
0	388000000	4042	3
0	395000000	35595	3
0	397000000	9211	3
0	401000000	16787	3
0	403000000	6288	3
0	405000000	24129	3
0	406000000	10836	3
0	418000000	17935	3
0	426000000	3791	3
0	433000000	5128	3
0	455000000	90920	3
0	457000000	17930	3
0	466000000	17773	3
0	473000000	20418	3
0	477000000	18667	3
0	478000000	73240	3
0	479000000	60403	3
0	482000000	10531	3
0	486000000	51985	3
0	491000000	3863	3
0	496000000	19565	3
0	504000000	3557	2
0	506000000	55505	3
0	508000000	24830	3
0	515000000	5062	3
0	516000000	4784	3
0	527000000	10676	3
0	534000000	27282	3
0	551000000	28682	3
0	562000000	3007	3
0	570000000	11052	3
0	573000000	3483	3
0	580000000	30054	3
0	612000000	7301	3
0	619000000	2718	2
0	640000000	5906	3
0	668000000	24404	3
0	677000000	3491	3
0	678000000	36708	3
0	692000000	4236	3
0	694000000	2404	3
0	701000000	63739	3
0	705000000	3070	3
0	712000000	44847	3
0	713000000	95986	3
0	737000000	2177	3
0	747000000	19636	3
0	749000000	4577	3
0	756000000	62383	3
0	757000000	2960	3
0	760000000	2124	3
0	761000000	3224	3
0	776000000	3394	3
0	860000000	3628	3
0	866000000	19927	3
0	873000000	27717	3
0	884000000	24932	3
0	889000000	96354	3
0	891000000	2643	2
0	917000000	1607	3
0	929000000	10747	3
0	931000000	3193	3
0	946000000	8926	3
0	955000000	1981	3
0	967000000	65272	3
0	971000000	7514	3
0	972000000	8850	3
0	994000000	10420	3
0	1047000000	1177	3
0	1054000000	2778	3
0	1059000000	7150	3
0	1062000000	10396	3
0	1079000000	7101	3
0	1081000000	19998	3
0	1172000000	880	3
0	1184000000	4790	3
0	1207000000	7561	3
0	1209000000	805	2
0	1216000000	1669	3
0	1231000000	857	3
0	1235000000	11733	3
0	1240000000	734	3
0	1243000000	1181	3
0	1253000000	2594	3
0	1254000000	3387	3
0	1274000000	98013	3
0	1275000000	11599	3
0	1287000000	616	3
0	1358000000	1297	3
0	1360000000	33152	3
0	1362000000	25250	3
0	1396000000	444	3
0	1415000000	1862	3
0	1423000000	2982	3
0	1434000000	833	3
0	1447000000	384	3
0	1458000000	368	3
0	1459000000	363	2
0	1477000000	329	2
0	1482000000	423	3
0	1496000000	1997	3
0	1502000000	1074	3
0	1503000000	554	3
0	1548000000	63261	4
0	1557000000	273	4
0	1570000000	227	2
0	1574000000	226	3
0	1583000000	221	2
0	1593000000	217	2
0	1599000000	213	2
0	1600000000	210	2
0	1603000000	209	2
0	1604000000	209	2
0	1607000000	207	2
0	1608000000	267	3
0	1609000000	206	2
0	1615000000	202	2
0	1616000000	202	2
0	1617000000	201	2
0	1619000000	200	2
0	1620000000	199	2
0	1622000000	198	2
0	1623000000	198	2
0	1624000000	209	3
0	1626000000	196	2
0	1630000000	195	2
0	1634000000	190	2
0	1640000000	222	3
0	1641000000	186	2
0	1643000000	186	2
0	1645000000	185	2
0	1652000000	180	2
0	1659000000	179	2
0	1668000000	174	2
0	1670000000	173	2
0	1672000000	192	3
0	1677000000	170	2
0	1683000000	168	2
0	1685000000	167	2
0	1692000000	166	2
0	1698000000	163	2
0	1701000000	161	2
0	1703000000	160	2
0	1704000000	159	2
0	1705000000	158	2
0	1712000000	153	2
0	1715000000	152	2
0	1718000000	149	2
0	1722000000	146	2
0	1723000000	146	2
0	1729000000	151	3
0	1731000000	141	2
0	1738000000	139	2
0	1740000000	137	2
0	1745000000	135	2
0	1747000000	134	2
0	1748000000	134	2
0	1753000000	303	3
0	1756000000	130	2
0	1757000000	130	2
0	1760000000	171	3
0	1762000000	234	3
0	1763000000	285	3
0	1776000000	123	2
0	1782000000	121	2
0	1784000000	121	2
0	1785000000	546	4
0	1786000000	121	2
0	1791000000	263	3
0	1792000000	118	2
0	1794000000	2099	3
0	1796000000	242	3
0	1801000000	113	2
0	1803000000	112	2
0	1804000000	112	2
0	1805000000	117	3
0	1808000000	248	3
0	1810000000	247	3
0	1811000000	108	2
0	1813000000	249	3
0	1819000000	138	3
0	1821000000	104	2
0	1822000000	104	2
0	1823000000	210	3
0	1825000000	104	2
0	1840000000	98	2
0	1847000000	214	3
0	1858000000	250	3
0	1864000000	90	2
0	1877000000	86	2
0	1878000000	86	2
0	1879000000	86	2
0	1883000000	85	2
0	1889000000	83	2
0	1893000000	81	2
