# SeedLengthInNucleotides	Frequency
100	2
101	2
102	3
103	2
104	2
105	6
106	5
107	3
108	3
109	2
110	3
111	3
112	6
113	2
114	2
115	3
116	1
117	4
118	3
119	3
120	4
121	3
122	1
123	2
124	6
125	1
126	5
128	5
130	1
131	2
132	5
133	3
134	1
136	4
137	1
138	2
139	2
140	2
141	6
142	2
143	6
144	1
145	6
146	1
147	1
148	3
149	3
150	3
151	2
152	2
153	1
154	3
155	3
156	2
157	2
159	4
160	2
161	3
162	2
163	2
164	2
165	1
166	2
167	2
169	2
171	1
172	4
173	2
174	2
176	1
177	1
178	2
179	1
180	2
181	1
183	3
184	3
185	1
186	6
187	3
188	2
189	1
190	5
191	3
192	3
193	2
194	2
196	2
197	4
198	1
199	4
200	4
201	3
202	1
204	1
205	2
206	4
207	1
208	1
209	2
210	3
211	2
213	1
215	4
216	2
217	1
218	2
219	2
220	2
221	1
222	2
223	5
226	2
227	1
228	1
229	5
230	1
233	1
235	3
236	2
237	5
238	1
239	2
240	2
241	1
242	2
243	1
244	5
245	2
246	1
247	2
250	1
251	1
252	1
253	1
254	2
255	2
257	2
259	1
260	4
261	1
262	2
263	1
264	1
265	2
266	2
268	7
269	1
270	1
274	1
275	2
276	1
278	1
281	3
282	1
283	1
284	1
287	2
288	1
289	2
290	1
292	1
293	1
294	1
295	1
300	1
303	1
304	1
308	3
309	1
311	1
315	2
316	2
318	1
319	2
320	2
321	2
322	2
324	1
325	2
326	1
328	1
329	2
331	1
332	1
334	1
336	2
337	1
338	1
339	1
345	1
346	1
349	1
351	1
359	1
364	1
366	2
367	2
368	1
371	2
374	1
375	3
382	2
383	2
385	4
386	1
387	3
393	1
397	3
398	1
401	1
402	2
403	3
405	1
406	1
407	1
408	2
409	1
414	1
415	2
416	1
418	1
420	1
423	1
424	2
425	1
426	1
427	2
428	1
430	1
432	1
433	2
437	1
438	1
439	1
441	1
443	1
448	1
450	1
452	3
453	3
455	1
457	3
458	1
461	3
463	1
467	1
468	1
470	2
471	1
472	1
475	1
477	1
479	1
482	1
483	1
484	1
485	1
487	2
488	2
490	2
491	1
493	2
494	1
497	2
499	2
504	1
507	1
509	2
511	2
512	1
513	2
515	1
517	1
518	1
519	1
521	2
522	3
523	1
524	2
527	2
528	1
531	1
533	1
534	1
535	1
536	1
538	1
541	3
542	1
546	1
547	2
550	1
551	1
552	2
554	1
558	1
560	2
563	1
564	1
565	1
569	1
573	2
575	1
576	1
577	2
578	1
579	2
582	1
584	1
586	1
590	1
592	1
593	1
596	2
597	2
600	1
608	1
611	1
612	1
613	1
615	1
616	1
617	1
619	1
620	1
621	3
622	1
629	1
632	1
634	1
635	1
636	1
637	1
639	1
642	1
643	1
644	1
648	3
649	1
656	1
663	1
664	1
668	1
670	1
678	1
679	1
682	2
684	3
688	1
689	2
691	3
692	1
693	1
696	1
704	1
707	2
709	1
711	1
714	2
717	1
721	1
725	1
726	1
727	2
728	1
738	1
740	2
742	2
746	1
748	1
749	1
750	1
751	1
756	1
757	1
761	1
764	1
765	1
766	1
772	2
773	1
774	1
775	1
783	1
791	1
797	1
801	1
805	1
807	1
808	1
809	1
814	1
815	1
816	1
817	1
821	1
828	2
829	1
832	2
834	2
843	1
844	1
845	1
847	1
848	1
851	1
856	1
869	2
870	1
873	1
874	2
875	1
879	1
881	1
882	2
884	2
887	1
898	1
899	1
901	3
904	1
905	1
912	1
914	1
915	1
916	1
917	1
921	1
922	1
923	1
924	1
929	1
935	1
937	1
939	1
940	1
943	1
945	1
956	1
959	2
962	3
963	2
967	1
969	1
971	1
974	1
976	1
985	1
986	1
990	2
995	1
997	2
998	1
1004	1
1006	1
1009	1
1013	1
1014	3
1015	1
1017	1
1018	1
1019	1
1023	1
1024	1
1026	1
1036	1
1041	1
1045	1
1046	1
1047	1
1048	1
1057	1
1058	1
1060	1
1061	1
1062	1
1063	2
1070	1
1072	1
1073	2
1074	1
1076	1
1082	1
1083	1
1084	1
1086	1
1090	1
1091	2
1093	1
1094	2
1097	1
1098	1
1102	1
1104	2
1105	1
1106	1
1110	1
1113	1
1116	1
1125	1
1130	1
1136	2
1141	1
1144	1
1145	1
1146	1
1148	2
1153	1
1154	1
1156	1
1161	1
1163	2
1165	2
1168	3
1169	1
1170	1
1171	1
1172	2
1175	1
1186	1
1187	1
1188	1
1189	1
1190	1
1191	1
1195	2
1198	1
1201	1
1203	1
1207	1
1210	2
1219	1
1220	1
1225	1
1226	2
1227	1
1229	1
1233	1
1238	1
1239	1
1242	1
1245	1
1246	1
1254	1
1256	2
1259	1
1261	1
1262	2
1267	1
1272	1
1273	1
1278	1
1280	2
1284	1
1285	2
1286	1
1287	1
1303	1
1307	2
1309	1
1310	2
1312	1
1313	2
1315	1
1318	1
1319	1
1324	1
1325	1
1328	1
1331	2
1333	1
1341	1
1345	1
1346	1
1358	1
1363	2
1365	1
1367	1
1373	1
1375	1
1377	1
1380	2
1386	1
1394	2
1400	1
1404	1
1408	1
1421	1
1423	1
1424	1
1432	1
1434	1
1436	1
1437	2
1438	1
1439	1
1440	1
1446	1
1449	1
1451	1
1456	1
1461	1
1463	1
1465	1
1467	1
1473	1
1476	2
1480	1
1481	1
1484	1
1489	1
1491	1
1492	1
1493	2
1495	1
1497	1
1502	1
1505	2
1507	1
1509	1
1515	1
1518	1
1526	1
1528	1
1536	1
1538	1
1543	1
1549	1
1562	1
1564	1
1569	1
1575	1
1579	1
1580	1
1584	1
1586	1
1589	1
1597	1
1601	1
1611	1
1620	1
1621	1
1624	1
1625	1
1633	1
1634	1
1642	2
1646	1
1648	1
1649	1
1650	1
1651	1
1652	1
1654	1
1662	1
1663	3
1667	1
1668	1
1673	1
1677	1
1684	1
1685	1
1693	1
1697	1
1700	1
1703	1
1704	1
1708	1
1714	2
1717	2
1719	1
1721	1
1725	1
1727	1
1732	1
1740	1
1741	1
1753	1
1754	1
1757	2
1758	1
1763	1
1764	2
1765	1
1766	2
1771	1
1773	1
1774	1
1781	1
1782	2
1789	1
1795	1
1798	1
1799	1
1801	2
1803	1
1804	1
1810	2
1813	1
1815	1
1819	1
1820	1
1822	1
1832	2
1834	1
1836	2
1839	1
1840	1
1845	1
1847	1
1856	1
1857	1
1859	1
1860	1
1863	2
1867	1
1873	1
1874	1
1879	1
1891	1
1899	1
1903	1
1905	1
1908	1
1909	1
1913	1
1916	1
1917	1
1927	1
1929	1
1933	1
1934	1
1935	1
1939	1
1940	1
1943	1
1949	2
1953	1
1956	1
1964	1
1967	1
1973	1
1974	1
1982	1
1990	1
1994	2
1995	1
2000	2
2001	1
2003	2
2008	1
2011	1
2012	1
2014	1
2017	1
2018	1
2021	1
2024	1
2026	1
2027	1
2032	2
2037	1
2054	1
2072	1
2073	1
2077	1
2078	2
2082	1
2083	1
2087	1
2089	1
2107	1
2111	1
2115	1
2116	1
2117	1
2120	1
2121	1
2123	1
2130	1
2136	1
2138	1
2140	1
2144	1
2146	1
2150	2
2154	1
2155	1
2159	1
2161	1
2162	1
2174	1
2182	1
2186	1
2191	1
2201	2
2205	1
2207	1
2208	1
2214	1
2215	1
2220	1
2223	1
2226	1
2231	2
2234	1
2235	1
2239	1
2241	1
2252	2
2253	1
2256	1
2263	1
2264	2
2270	1
2271	1
2275	1
2276	1
2279	1
2285	2
2286	1
2293	1
2294	1
2296	1
2297	1
2303	2
2305	1
2308	1
2319	1
2321	1
2326	1
2334	1
2339	2
2342	1
2343	1
2346	1
2348	1
2357	1
2370	1
2379	1
2390	1
2391	1
2395	1
2400	1
2405	2
2412	1
2418	1
2423	2
2427	1
2432	3
2441	2
2456	2
2458	1
2472	1
2473	1
2474	1
2479	1
2480	1
2483	1
2492	1
2495	1
2503	1
2508	1
2517	1
2519	1
2526	1
2529	1
2531	1
2533	1
2541	2
2553	1
2564	1
2572	2
2576	1
2592	1
2600	1
2621	1
2622	1
2637	1
2647	1
2668	1
2672	1
2673	1
2694	1
2701	1
2705	1
2714	1
2719	1
2723	1
2725	1
2727	1
2731	1
2732	1
2734	2
2737	2
2741	1
2744	1
2754	1
2760	1
2762	1
2771	1
2772	2
2777	1
2780	1
2786	1
2795	1
2797	1
2800	1
2802	1
2813	1
2814	1
2816	1
2822	1
2823	1
2825	1
2835	1
2837	1
2842	1
2843	1
2844	1
2845	1
2872	1
2881	1
2889	1
2900	1
2905	1
2906	1
2916	1
2927	1
2932	1
2934	1
2940	1
2947	1
2949	1
2950	1
2958	1
2960	1
2973	2
2981	1
2983	1
2990	1
2992	1
2993	1
2998	1
3004	1
3008	1
3018	1
3022	1
3025	2
3034	1
3043	3
3045	1
3061	1
3063	1
3072	1
3077	2
3087	1
3089	1
3091	1
3097	2
3107	1
3110	1
3116	1
3120	1
3126	1
3131	1
3136	1
3138	1
3145	1
3160	1
3167	1
3168	1
3170	1
3174	1
3180	1
3182	1
3191	1
3197	1
3198	1
3203	1
3208	1
3210	1
3214	1
3218	1
3222	1
3225	1
3230	1
3236	1
3246	1
3257	1
3264	1
3278	2
3279	1
3283	2
3287	2
3295	1
3300	1
3304	1
3307	1
3322	1
3328	1
3330	1
3345	1
3354	1
3357	2
3360	1
3365	1
3367	1
3371	1
3375	1
3385	1
3386	1
3389	1
3397	1
3398	1
3411	1
3414	1
3419	2
3421	1
3432	1
3434	1
3440	1
3447	1
3453	1
3457	1
3464	1
3476	1
3479	1
3484	1
3487	1
3489	1
3530	1
3539	1
3542	2
3560	1
3570	1
3573	1
3588	1
3595	1
3597	1
3600	1
3604	2
3608	1
3624	1
3627	2
3629	1
3634	1
3636	1
3639	1
3643	1
3649	1
3663	1
3668	1
3685	1
3687	1
3698	1
3715	1
3719	1
3741	1
3754	1
3762	1
3766	1
3767	1
3772	1
3774	1
3777	1
3781	1
3784	1
3789	1
3797	1
3800	1
3806	1
3822	1
3823	1
3826	1
3828	1
3843	1
3844	1
3853	1
3865	1
3867	1
3869	1
3870	1
3876	1
3881	1
3887	1
3897	1
3900	1
3908	1
3909	1
3919	1
3928	1
3936	1
3938	1
3940	1
3947	1
3958	1
3961	1
3966	2
3970	1
3988	1
4005	1
4015	1
4016	1
4025	1
4026	1
4028	1
4044	1
4046	1
4050	1
4055	1
4071	1
4074	1
4092	2
4107	1
4113	1
4126	1
4127	1
4136	1
4143	1
4172	1
4177	1
4178	1
4179	1
4190	2
4196	1
4213	1
4214	1
4215	2
4217	1
4221	1
4228	1
4230	1
4244	1
4248	1
4249	1
4250	1
4276	1
4296	1
4302	1
4319	1
4333	1
4344	1
4357	1
4372	1
4373	1
4385	2
4387	1
4399	1
4401	1
4409	1
4414	1
4418	1
4467	1
4473	1
4476	1
4479	1
4502	1
4513	2
4525	2
4527	1
4535	1
4544	1
4546	1
4547	1
4551	1
4581	1
4582	1
4589	1
4646	1
4648	1
4712	1
4714	1
4717	1
4718	1
4720	1
4768	1
4769	1
4774	1
4778	1
4780	1
4814	1
4815	1
4818	1
4828	1
4830	2
4846	1
4874	1
4896	2
4905	1
4944	1
4950	1
4956	1
4957	1
4966	1
4968	1
4970	1
5006	1
5015	1
5018	1
5047	1
5071	1
5079	1
5132	1
5133	1
5148	1
5150	1
5161	1
5169	1
5174	1
5189	1
5196	1
5203	1
5206	1
5235	1
5238	1
5272	1
5296	1
5322	1
5341	1
5351	1
5359	1
5363	1
5380	1
5389	1
5398	1
5406	1
5411	1
5427	1
5433	1
5435	1
5440	2
5461	1
5478	1
5485	1
5495	1
5498	1
5511	1
5516	1
5521	1
5534	1
5545	2
5549	1
5564	1
5632	1
5645	1
5649	1
5652	1
5677	1
5688	1
5700	1
5703	1
5710	1
5724	1
5738	1
5749	1
5755	1
5779	1
5781	1
5790	1
5793	1
5819	1
5830	1
5832	1
5837	1
5928	1
5944	1
5965	1
6015	1
6019	1
6053	1
6060	1
6065	1
6072	2
6095	1
6103	1
6122	1
6126	1
6154	1
6192	1
6220	1
6222	1
6227	1
6235	1
6237	1
6238	1
6257	1
6273	1
6283	1
6325	1
6337	1
6339	1
6345	1
6391	1
6437	1
6439	1
6467	1
6478	1
6505	1
6507	1
6511	1
6547	1
6557	1
6568	1
6625	1
6630	1
6640	1
6646	1
6658	1
6659	1
6672	1
6684	1
6696	1
6709	2
6721	2
6749	1
6784	1
6786	1
6790	1
6803	1
6816	1
6817	1
6820	1
6833	1
6851	1
6856	1
6899	1
6922	1
6935	1
7003	1
7012	1
7018	1
7029	1
7031	1
7048	1
7057	1
7082	1
7103	1
7109	1
7126	1
7133	1
7157	1
7163	1
7165	1
7204	1
7252	1
7259	1
7270	1
7294	1
7314	1
7342	1
7378	1
7384	1
7388	1
7413	1
7442	1
7476	1
7487	1
7516	1
7518	1
7521	1
7571	1
7623	1
7638	1
7690	1
7699	1
7756	1
7762	1
7793	1
7870	1
7901	1
7933	1
7974	1
8016	1
8029	1
8037	1
8058	1
8097	2
8100	1
8163	1
8202	1
8357	1
8360	1
8393	1
8404	1
8487	1
8498	1
8563	1
8584	1
8620	1
8631	1
8647	1
8715	1
8818	1
8855	1
8870	1
8873	1
8900	1
8901	1
9009	1
9057	1
9074	1
9083	1
9094	1
9095	1
9114	1
9131	1
9265	1
9295	1
9311	1
9320	1
9379	1
9469	1
9502	1
9661	1
9736	1
9780	1
9791	1
9802	1
9815	1
9829	1
9867	1
9992	1
10108	1
10124	1
10141	1
10171	1
10202	1
10218	1
10298	1
10301	1
10326	1
10445	1
10503	1
10506	1
10508	1
10561	1
10717	1
10784	1
10857	1
10942	1
11062	1
11531	1
11577	1
11630	1
11631	1
11726	1
11923	1
11929	1
11965	1
12007	1
12117	1
12201	1
12409	1
12489	1
12615	1
12799	1
12802	1
12824	1
12852	1
12942	1
13166	1
13242	1
13274	1
13658	1
13734	1
13832	1
13881	1
14001	1
14096	1
14109	1
14180	1
14322	1
14415	1
15080	1
16258	1
16288	1
16565	1
18124	1
19969	1
20068	1
21943	1
28863	1
